18 0 0.0
[[1.0]]
[[1.20]]
18	51	1000	1000	0	0	[]
17	3000	200000	5000	0	300	[]
16	2000	25000	25000	0	600	[]
15	5000	25000	25000	0	900	[]
14	1000	40000	40000	0	1350	[]
13	3000	50000	50000	0	1350	[]
12	5000	50000	50000	0	750	[]
11	8000	59000	59000	0	750	[]
10	9000	80000	80000	0	1350	[]
9	2000	80000	80000	0	450	[]
8	5000	100000	100000	0	1050	[]
7	1000	200000	200000	1000	450	[]
6	3000	200000	200000	0	450	[]
5	1000	200000	200000	0	450	[]
4	1000	200000	200000	0	1350	[]
3	3000	200000	200000	0	0	[]
2	1000	1000000	1000000	0	0	[]
1	1000	1000000	1000000	0	0	[]
[
	[
		[
			[1],
			[1],
			[1],
			[1],
			[1],
			[1],
			[1],
			[1],
			[1],
			[1],
			[1],
			[1],
			[1],
			[1],
			[1],
			[1],
			[1],
			[1]
		]
	]
]
